%YAML:1.0
description: "0"
samples:
   - !!opencv-matrix
      rows: 198
      cols: 1
      dt: d
      data: [ -2.0093389769748573e+01, -1.9476240638532715e+01,
          -1.8554546797962647e+01, -1.7251367288047959e+01,
          -1.5320444622926768e+01, -1.2234610686221153e+01,
          -8.1663567595388518e+00, -3.4107146573646667e+00,
          1.8564606749472972e+00, 6.9989461996350419e+00,
          1.1297431239820780e+01, 1.4678909133457054e+01,
          1.6966882370267207e+01, 1.8151131841757376e+01,
          1.8688313278899582e+01, 1.8783486600881144e+01,
          1.8519199598470799e+01, -1.6754735236609218e+01,
          -1.4840987565358935e+01, -1.2017564058051562e+01,
          -8.9261813624555213e+00, -5.8597680683668525e+00,
          3.5698416464015583e+00, 6.3083187585366840e+00,
          9.1766103083686659e+00, 1.1954179384829883e+01,
          1.4093092024595148e+01, -5.7329485417282366e-01,
          -3.9345992154493642e-01, -2.1744329961767175e-01,
          -4.5398948470223563e-02, -2.7569855712886051e+00,
          -1.2620508354290174e+00, 2.5660879754125643e-01,
          1.6875758240307641e+00, 3.0682339662587181e+00,
          -1.2245901612201731e+01, -1.0499433994970826e+01,
          -8.2474030734733059e+00, -6.2053401819951741e+00,
          -8.0994017176079023e+00, -1.0223600559084076e+01,
          4.7519549187444126e+00, 6.6617364920158044e+00,
          8.9083668764966060e+00, 1.0761576639671439e+01,
          8.8259327669494141e+00, 6.7093066570643121e+00,
          -5.7600371583504026e+00, -4.2620828404492190e+00,
          -2.1842944953389156e+00, 4.3127124014676110e-01,
          2.9828153067850329e+00, 5.1967964891033178e+00,
          6.8513711287936099e+00, 5.3290381110754055e+00,
          3.2754204817312189e+00, 8.4913185595960172e-01,
          -1.6655108801156455e+00, -3.9042310302341177e+00,
          -1.9206262575817390e+00, 5.7189411772768262e-01,
          3.0324022126185532e+00, 3.0886287491694397e+00,
          6.9372623740057693e-01, -1.7983438129361726e+00,
          -6.4875337429371243e+00, -1.0252426898260478e+00,
          4.3824294208085357e+00, 9.6929736378962499e+00,
          1.4704901139937766e+01, 1.8977119219201285e+01,
          2.2309715697635617e+01, 2.4540097357308326e+01,
          2.4980432900106841e+01, 2.3698879093185695e+01,
          2.0658234831465005e+01, 1.6624192540130146e+01,
          1.1885459383881932e+01, 6.7643163923013381e+00,
          1.5694567879932808e+00, -3.6415847948585829e+00,
          -8.8561467402864480e+00, -1.3503120926361674e+01,
          -1.5894902211505659e+01, -1.7137419434276168e+01,
          -1.7326011258757120e+01, -1.6828736533999372e+01,
          -1.7266779930325733e+01, -1.8107388367995643e+01,
          -1.8333952892997040e+01, -1.7655719463692567e+01,
          -1.5801372755421841e+01, -1.2315715259459385e+01,
          -9.6556492996562131e+00, -7.0033956250385820e+00,
          -4.3683946021327573e+00, -3.8633997491716099e-01,
          -2.3021712957309948e-01, -2.2419769333417694e-01,
          -4.0513237357310694e-01, -7.3163486767522290e-01,
          -9.5438476265750047e+00, -1.0847102233938452e+01,
          -1.1188500948645293e+01, -1.0491698909828701e+01,
          -9.5245191915245293e+00, -9.1837077699890681e+00,
          -1.1125240001971450e+01, -1.2021633272618747e+01,
          -1.1999780832975162e+01, -1.0905460344552463e+01,
          -1.0295889809426136e+01, -1.0382028498686488e+01,
          9.2299232752196509e+00, 7.0272803805884800e+00,
          5.2781146334620397e+00, 5.2988727777191826e+00,
          4.9710002459329239e+00, 6.4683480074690580e+00,
          8.5413673770407925e+00, 1.0161062047534164e+01,
          1.1175834455385573e+01, 1.1588412191594644e+01,
          1.1449242998554396e+01, 1.0655584922730338e+01,
          7.6332435881014646e+00, 7.3522849041592151e+00,
          7.3627727555258895e+00, 8.3451697662377970e+00,
          8.7534559952264406e+00, 8.6159357462262918e+00,
          2.1332979541703907e+01, 2.1077880901349687e+01,
          2.0595869656952761e+01, 1.8507649578250248e+01,
          1.3578101219572572e+01, 7.9832057944072430e+00,
          3.3449581167874163e+00, -7.9987430679922367e-01,
          -4.7699468725869236e+00, -6.9214599947042266e-01,
          3.4672381880228751e+00, 8.1530965680676477e+00,
          1.3767612656297915e+01, 1.8565613981485299e+01,
          2.0625305702135353e+01, 2.1010231300520267e+01,
          2.1282254939711251e+01, 6.6936688837000588e-02,
          -1.7347203905977182e+00, -3.1121837317164895e+00,
          -4.4560032291416327e+00, -5.6412467777126167e+00,
          -5.6616107015705657e+00, -4.3890860211479703e+00,
          -2.9836101417726670e+00, -1.5448009107789851e+00,
          2.6305269167251188e-01, -4.9602571119651442e+00,
          -7.7150013458239854e+00, -1.0488397738295102e+01,
          -1.3199221691612957e+01, -6.1101309428145694e+00,
          -7.0501298165213360e+00, -8.0504915689994796e+00,
          -6.9843198729900076e+00, -5.9551448742410029e+00,
          -1.1692520254557575e+00, -1.2884205477716095e+00,
          -1.2526546750348539e+00, -8.9758489647283268e-01,
          -1.0788679589762740e+00, -1.0679824988150690e+00,
          -8.7983978570220989e-01, -1.1283632050146484e+00,
          -1.1613066933732454e+00, -1.0610290075999356e+00,
          -9.9215351645013483e-01, -1.0370398861497092e+00,
          -2.7334723152212819e+00, -4.8927709554426428e+00,
          -6.5552558168880140e+00, -8.0413703372176233e+00,
          -6.4580386937122123e+00, -4.7765400668318447e+00,
          -2.6648444812965142e+00, -3.9425299006266497e+00,
          -5.4204888998743348e+00, -6.9498649866044468e+00,
          -5.4927475653235334e+00, -4.0389594828024160e+00,
          -5.0743711265359153e+00, -7.0753903858944200e+00,
          -4.8956310768616733e+00, -4.3910751419005019e+00,
          -6.3640943020815399e+00, -4.5416161325227948e+00 ]
