%YAML:1.0
description: "1"
samples:
   - !!opencv-matrix
      rows: 198
      cols: 1
      dt: d
      data: [ -2.0658831294179997e+01, -2.0230645022999344e+01,
          -1.9530535954350007e+01, -1.8349799967219194e+01,
          -1.6378843409014191e+01, -1.3103643057169569e+01,
          -8.7875189571844139e+00, -3.8825374013463616e+00,
          1.4308576646241442e+00, 6.6661878253832176e+00,
          1.1160466970752537e+01, 1.4970741646756753e+01,
          1.7756595055698355e+01, 1.9284504754236146e+01,
          1.9868567592165288e+01, 1.9836380293541790e+01,
          1.9470310756620652e+01, -1.6927663790255853e+01,
          -1.5014709943537662e+01, -1.2231158638934085e+01,
          -9.1881635448330226e+00, -6.1811716379991850e+00,
          3.7010505245124934e+00, 6.4476013852615406e+00,
          9.3614679022058098e+00, 1.2216011494676327e+01,
          1.4467169952827353e+01, -6.7041815572423069e-01,
          -5.2428736196889292e-01, -3.7716871176508315e-01,
          -2.2623113844679416e-01, -3.1492390826488568e+00,
          -1.5185622417091247e+00, 1.5465685782414684e-01,
          1.7623892705344733e+00, 3.2966454748796230e+00,
          -1.2232409444408919e+01, -1.0470835216303126e+01,
          -8.3166134289582718e+00, -6.3255147661978075e+00,
          -8.1936946138674145e+00, -1.0246036119284430e+01,
          5.0219077709898139e+00, 6.8735705728889283e+00,
          9.0198155594032485e+00, 1.0902707007794353e+01,
          9.0138492846066640e+00, 6.9622834820024524e+00,
          -7.2116296876572514e+00, -4.9392513803157554e+00,
          -2.3352877798029135e+00, 5.2023277925894584e-01,
          3.3206279118863113e+00, 6.0162752491326295e+00,
          8.4147183575572519e+00, 6.7572490582799905e+00,
          4.2352259942369521e+00, 1.0229847516316704e+00,
          -2.2692484663457462e+00, -5.0973671668570608e+00,
          -2.6430942726469033e+00, 6.6523929905991386e-01,
          3.9381431967549441e+00, 4.2944444750680510e+00,
          8.6576008281118466e-01, -2.6796657964288517e+00,
          -6.5006447309912119e+00, -1.0051597370455261e+00,
          4.4783209574242964e+00, 9.7623192365932070e+00,
          1.4543012269511166e+01, 1.8400335739167208e+01,
          2.1199798846315431e+01, 2.3020552276257884e+01,
          2.3260370878144151e+01, 2.2188139164137919e+01,
          1.9487019980692796e+01, 1.6005669502742730e+01,
          1.1759167643013452e+01, 6.9041947939926018e+00,
          1.7306869746268625e+00, -3.5746385646750398e+00,
          -8.8676733984301013e+00, -1.3077055029682912e+01,
          -1.5502665307588854e+01, -1.6792523890715060e+01,
          -1.7015462873953631e+01, -1.6546444701355345e+01,
          -1.7103773411786804e+01, -1.8023256810785735e+01,
          -1.8296564477236082e+01, -1.7605929913231908e+01,
          -1.5702267098616160e+01, -1.1798445159506034e+01,
          -9.1620140658085276e+00, -6.5392133192279172e+00,
          -3.9262645597774846e+00, -1.1761845744934263e-01,
          1.2330936478220456e-01, 1.3340739747367514e-01,
          -9.6105149658026967e-02, -5.5896117276576240e-01,
          -8.8871283972424813e+00, -1.0004233969070585e+01,
          -1.0307383549210172e+01, -9.7138732977125013e+00,
          -8.8564343066378761e+00, -8.5750751273523207e+00,
          -1.0519161276940753e+01, -1.1353780301052060e+01,
          -1.1391989971568600e+01, -1.0534770694570076e+01,
          -9.9212379655440657e+00, -9.9231813202506842e+00,
          8.0693604968077004e+00, 6.3815748421521610e+00,
          5.1421340537706737e+00, 5.1019522647930682e+00,
          4.7373652627118172e+00, 5.5776853616677364e+00,
          6.9524703861203800e+00, 9.5133098042647894e+00,
          1.1330558269900200e+01, 1.1984135009457576e+01,
          1.1790527708634837e+01, 1.0375497363527238e+01,
          7.0960841473827294e+00, 6.8208321493865647e+00,
          6.6299645920859778e+00, 8.6716987480244736e+00,
          9.4459696924408600e+00, 9.1836378222193407e+00,
          2.1478300335897661e+01, 2.1030375220751299e+01,
          2.0652988797139432e+01, 1.8505927979198937e+01,
          1.3655815221483147e+01, 7.9820904889356665e+00,
          3.2199650586744037e+00, -7.7826936925868795e-01,
          -4.7430050801230479e+00, -7.4220916157566530e-01,
          3.3394482413959015e+00, 8.1163102154890101e+00,
          1.3774727186104865e+01, 1.8548581585692347e+01,
          2.0793575893991289e+01, 2.1150253920789893e+01,
          2.1492715400524556e+01, 1.0381731450861084e-01,
          -1.6506421648288701e+00, -3.0672773703818792e+00,
          -4.3974404226920401e+00, -5.5761435604620848e+00,
          -5.5243253890749617e+00, -4.2639009781070341e+00,
          -2.8638584333540367e+00, -1.3762839611868938e+00,
          3.4908036945381166e-01, -5.0497298021918056e+00,
          -7.7817255386932169e+00, -1.0569417217770516e+01,
          -1.3315085227696979e+01, -6.1956264958701119e+00,
          -7.1408836739529411e+00, -8.0801463204755368e+00,
          -7.0904300366370538e+00, -6.1790929137503960e+00,
          -1.1314699043249243e+00, -1.2391310062608007e+00,
          -1.3022763375564042e+00, -9.9871064461639114e-01,
          -1.1718284978653755e+00, -1.1965536731690400e+00,
          -9.4171495689492102e-01, -1.1882626357322235e+00,
          -1.0516806486443460e+00, -8.8292346248047804e-01,
          -1.0127416175401471e+00, -1.0318535568604721e+00,
          -2.7163950518158537e+00, -4.7635162496285410e+00,
          -6.5059663184921037e+00, -8.1268030814773944e+00,
          -6.3645150302436058e+00, -4.6073406464880060e+00,
          -2.5828982830421521e+00, -4.0134907303392451e+00,
          -5.5078426081576231e+00, -7.0007734947524574e+00,
          -5.5977056508555423e+00, -4.0687334288554320e+00,
          -5.1794099468993391e+00, -7.3220409932617612e+00,
          -5.0586885732412679e+00, -4.3987235297024112e+00,
          -6.3421098635625608e+00, -4.5022712142286849e+00 ]
