%YAML:1.0
description: "neutral"
samples:
   - !!opencv-matrix
      rows: 198
      cols: 1
      dt: d
      data: [ -1.9843667668951028e+01, -1.9380622477891258e+01,
          -1.8641297329955140e+01, -1.7601581917418581e+01,
          -1.5996369728983812e+01, -1.3081535142680933e+01,
          -8.9703907772501825e+00, -4.1290819819245268e+00,
          1.1646403709287834e+00, 6.5256382535801976e+00,
          1.1071168798208705e+01, 1.4783025809550864e+01,
          1.7320627774729751e+01, 1.8590550894128594e+01,
          1.9104729378008891e+01, 1.9124079257442052e+01,
          1.8767251774926248e+01, -1.6719405808893526e+01,
          -1.4892165164782762e+01, -1.2196377962923165e+01,
          -9.2256609963180161e+00, -6.2692927199892816e+00,
          3.5521019004623349e+00, 6.2316674075770777e+00,
          9.0765541521762305e+00, 1.1877735615989875e+01,
          1.4140154999956398e+01, -6.2922838056619013e-01,
          -4.7034575486269581e-01, -3.1264724716749709e-01,
          -1.5565181449687071e-01, -2.7333087199864603e+00,
          -1.2557560486359385e+00, 2.5172181565928897e-01,
          1.6986970072911676e+00, 3.0946135843012148e+00,
          -1.2096622279185647e+01, -1.0325555055918738e+01,
          -8.0495278576925102e+00, -6.0516710143108448e+00,
          -7.9642264466851120e+00, -1.0097726001868018e+01,
          4.8205640273336483e+00, 6.6181576465281902e+00,
          8.8813357243448525e+00, 1.0816637993166989e+01,
          8.9526685088909517e+00, 6.8205708935744926e+00,
          -5.4169582388050896e+00, -3.8500436527353616e+00,
          -1.8613634898297577e+00, 5.8850897591870666e-01,
          2.9940481630906173e+00, 5.1334397720884901e+00,
          6.8628389959880094e+00, 5.3756184007225585e+00,
          3.3732380909609998e+00, 9.5858812929561099e-01,
          -1.4686567618235520e+00, -3.6472335494719053e+00,
          -1.6298502473781682e+00, 7.3601134963241177e-01,
          3.0848644426304030e+00, 3.1103766901237537e+00,
          8.1365158471556009e-01, -1.5474055021211568e+00,
          -6.3306727504621394e+00, -8.3017343066383598e-01,
          4.6645688465331405e+00, 9.9287667252448948e+00,
          1.4695036126017404e+01, 1.8647563491926203e+01,
          2.1543740714969168e+01, 2.3316801465115706e+01,
          2.3440606680794208e+01, 2.2548077604976921e+01,
          1.9875366340065614e+01, 1.6282597222135283e+01,
          1.1934933645504104e+01, 7.0754582930056698e+00,
          1.8630206895470496e+00, -3.5406273171164901e+00,
          -8.9322284657683717e+00, -1.3305622601914431e+01,
          -1.5795605355784941e+01, -1.7169684189640165e+01,
          -1.7507389839180767e+01, -1.7186917560294606e+01,
          -1.7712583243186131e+01, -1.8554337925792268e+01,
          -1.8778776463939060e+01, -1.8115125392809770e+01,
          -1.6272386371318689e+01, -1.2205460415751739e+01,
          -9.4685080925541047e+00, -6.7492841640617289e+00,
          -4.0303093328233048e+00, 2.2350871607200207e-01,
          3.2848258433090372e-01, 2.7193198898586757e-01,
          1.3731076617847648e-01, -1.6824671815345488e-01,
          -9.5607248334193500e+00, -1.0911811222034375e+01,
          -1.1183507330894660e+01, -1.0270234767956598e+01,
          -9.3503610854820032e+00, -9.0643399836192025e+00,
          -1.1084201581433495e+01, -1.2254362824540392e+01,
          -1.2359312297600322e+01, -1.1290595454328740e+01,
          -1.0467576689566757e+01, -1.0447499637676501e+01,
          9.5526592891296307e+00, 7.3782855818597080e+00,
          5.6033786343128105e+00, 5.5259768407898671e+00,
          5.2743975392689508e+00, 6.7558822394517408e+00,
          8.7261652517130965e+00, 1.0294289257928728e+01,
          1.1314089886798705e+01, 1.1635617997046902e+01,
          1.1625386762635106e+01, 1.0918839475823512e+01,
          8.0169603112218972e+00, 7.5770095885418289e+00,
          7.7113384174275819e+00, 8.5458617186968198e+00,
          8.7908735964305649e+00, 8.8738135373248639e+00,
          2.1355286459392733e+01, 2.0912470295122777e+01,
          2.0578989799899308e+01, 1.8556433253516012e+01,
          1.3624344788037579e+01, 8.0311294796381603e+00,
          3.3255589137481865e+00, -7.3786777975970352e-01,
          -4.6683915747064466e+00, -6.8469664174690092e-01,
          3.4478069982364197e+00, 8.1522114554772980e+00,
          1.3728877747225036e+01, 1.8556410794632956e+01,
          2.0703631023557918e+01, 2.1038627070459565e+01,
          2.1330949306510455e+01, 8.5475200058856407e-02,
          -1.7462651866270325e+00, -3.0797935591296652e+00,
          -4.3785153050532957e+00, -5.5787357686759327e+00,
          -5.5601953861667806e+00, -4.2540018100930643e+00,
          -2.8644695946038712e+00, -1.4350207365294108e+00,
          3.0105110951589331e-01, -5.0570521201821901e+00,
          -7.7936804288003163e+00, -1.0567509623124803e+01,
          -1.3205927414337740e+01, -6.1687589219667336e+00,
          -7.1059480304427511e+00, -8.0314586200247504e+00,
          -7.0344547431859716e+00, -6.1554483543222815e+00,
          -1.1627678625781122e+00, -1.2498279806842247e+00,
          -1.2158486167449793e+00, -9.1120248314680186e-01,
          -1.1861654349699495e+00, -1.1640284500874674e+00,
          -8.1926284828279505e-01, -1.0892542437203490e+00,
          -1.0538234337175605e+00, -9.1989271391784566e-01,
          -9.7010120697403823e-01, -1.0204365784679494e+00,
          -2.8346031641120986e+00, -5.0018496803297765e+00,
          -6.6817744222216797e+00, -8.2479536573875745e+00,
          -6.5216362115489730e+00, -4.8264074476118122e+00,
          -2.6784176042993937e+00, -3.9848325262719007e+00,
          -5.4036034866958707e+00, -6.9210472145120914e+00,
          -5.5032956788290939e+00, -3.9876649683560328e+00,
          -5.0894538984439013e+00, -7.0518301980643256e+00,
          -4.9472983516969204e+00, -4.4108837802290548e+00,
          -6.2466481271292054e+00, -4.5191419258043979e+00 ]
