%YAML:1.0
description: "sipping"
samples:
   - !!opencv-matrix
      rows: 198
      cols: 1
      dt: d
      data: [ -1.9699020368001623e+01, -1.9219029947341909e+01,
          -1.8521918968595259e+01, -1.7604721362244259e+01,
          -1.6148647176002537e+01, -1.3316391974994017e+01,
          -9.2509313686443235e+00, -4.4618257089460851e+00,
          7.5908485299166217e-01, 6.1995529879102369e+00,
          1.0793630233256073e+01, 1.4574062497291125e+01,
          1.7255391411179541e+01, 1.8652735254349263e+01,
          1.9188955236851267e+01, 1.9195952032657228e+01,
          1.8824869548601285e+01, -1.6862649825718979e+01,
          -1.5009776871129752e+01, -1.2284432120086940e+01,
          -9.2851246470263771e+00, -6.2932059100218751e+00,
          3.6018303249653054e+00, 6.2507990783896572e+00,
          9.0740794719127340e+00, 1.1864919488103061e+01,
          1.4137999670347590e+01, -5.1048321078419767e-01,
          -3.6394518021367606e-01, -2.2411330171099431e-01,
          -8.9784074935703603e-02, -2.8225923409248561e+00,
          -1.2230910007308884e+00, 4.1242664078577473e-01,
          1.9229510496830091e+00, 3.3777403977065741e+00,
          -1.2238080527829210e+01, -1.0446485712164975e+01,
          -8.1520996717557743e+00, -6.1171071198153886e+00,
          -8.0563519069566674e+00, -1.0204804542851836e+01,
          4.8145226806672756e+00, 6.6106140498797732e+00,
          8.8715899632358841e+00, 1.0822695734943142e+01,
          8.9538721695933710e+00, 6.8226154285718472e+00,
          -6.5541208834334332e+00, -4.4170781511577744e+00,
          -1.9959821250831975e+00, 7.0981144176353317e-01,
          3.3410208362008067e+00, 5.8259088293321497e+00,
          8.0051776039260290e+00, 6.3618027660569032e+00,
          3.9797745599072711e+00, 1.0649521226715148e+00,
          -1.8655418867149516e+00, -4.4979153662042712e+00,
          -2.1774493267778081e+00, 8.6085811238398158e-01,
          3.8231564386133581e+00, 4.0002464871779413e+00,
          9.5637123380258504e-01, -2.1924080615163342e+00,
          -6.3874685425579178e+00, -8.5285591897702862e-01,
          4.6891056097034944e+00, 1.0017476959214141e+01,
          1.4834287955630803e+01, 1.8767334766635724e+01,
          2.1611909071833747e+01, 2.3351583300823030e+01,
          2.3509564596984998e+01, 2.2613157085753699e+01,
          1.9842666452663828e+01, 1.6186459329914012e+01,
          1.1827255031956783e+01, 6.9613218137731838e+00,
          1.7564918034520931e+00, -3.6331871911665430e+00,
          -9.0177716271366091e+00, -1.3112018479260982e+01,
          -1.5612973767002952e+01, -1.6992651501662035e+01,
          -1.7334853519368778e+01, -1.7016561140448864e+01,
          -1.7540402489157934e+01, -1.8375282582054108e+01,
          -1.8601444430254329e+01, -1.7979612624053932e+01,
          -1.6186355057968093e+01, -1.2189893430640325e+01,
          -9.4552052513924689e+00, -6.7409373575577645e+00,
          -4.0272986144987293e+00, 2.1256171110259081e-01,
          3.6353211997351054e-01, 3.2381420856714893e-01,
          1.6619763277618371e-01, -1.9887783360597838e-01,
          -9.3579014375966754e+00, -1.0718804892372482e+01,
          -1.1000551335878066e+01, -1.0066871922505481e+01,
          -9.1638966961971278e+00, -8.8925250012296324e+00,
          -1.0870294298532198e+01, -1.2057618002675953e+01,
          -1.2201505587484576e+01, -1.1137324055793201e+01,
          -1.0307485936512327e+01, -1.0278502281497477e+01,
          8.8171588653714394e+00, 6.9287728217919664e+00,
          5.4710155881309515e+00, 5.4074194292363380e+00,
          5.1055402574974114e+00, 6.1940646878533530e+00,
          7.8147727435670173e+00, 9.9451116180907295e+00,
          1.1375758793553015e+01, 1.1812056649318103e+01,
          1.1741953329436889e+01, 1.0706917863967419e+01,
          7.7319666927304205e+00, 7.3994775733618603e+00,
          7.3492471893974267e+00, 8.5376662111714605e+00,
          8.9564684743622465e+00, 8.9789758921506468e+00,
          2.1539173180948321e+01, 2.1032045582752300e+01,
          2.0662876038352103e+01, 1.8616831895330229e+01,
          1.3750823356778518e+01, 8.0540179757638342e+00,
          3.2515255518755559e+00, -7.9766031496896272e-01,
          -4.7531086270632015e+00, -7.0881152694351390e-01,
          3.4204879508977473e+00, 8.1731319507420572e+00,
          1.3788704087683380e+01, 1.8545507597016236e+01,
          2.0753842592921071e+01, 2.1113435338851566e+01,
          2.1364548068742899e+01, 9.1433750382485121e-02,
          -1.7136822436149572e+00, -3.0702697494678941e+00,
          -4.3707980269343230e+00, -5.5539536403496621e+00,
          -5.6087128579606951e+00, -4.2997154551055612e+00,
          -2.8932850322117916e+00, -1.4030371223101081e+00,
          3.2464435768195915e-01, -5.0478369798106044e+00,
          -7.8011543348685723e+00, -1.0616912236285616e+01,
          -1.3325261916710195e+01, -6.1779940484229323e+00,
          -7.1602113538518752e+00, -8.1069294129550755e+00,
          -7.1014481691614328e+00, -6.2612231567801153e+00,
          -1.0477468255850702e+00, -1.2139407633308843e+00,
          -1.2986717470485860e+00, -1.0362467146789374e+00,
          -1.2197224123853136e+00, -1.1627090208848783e+00,
          -9.2344722761528919e-01, -1.2196126829318845e+00,
          -1.0543096450933191e+00, -8.1505965697061533e-01,
          -9.6214643908487485e-01, -1.0166215932536855e+00,
          -2.7968987106094549e+00, -4.9159085062382220e+00,
          -6.6499529925432288e+00, -8.2495316567990482e+00,
          -6.4538374979298885e+00, -4.6966888387714674e+00,
          -2.5547476697571971e+00, -4.0067986361304841e+00,
          -5.4077531538909795e+00, -6.9410087628228707e+00,
          -5.5376063195039036e+00, -3.9999048548745266e+00,
          -5.1759483650520446e+00, -7.1778306107501413e+00,
          -4.9796501050056214e+00, -4.3881871728946225e+00,
          -6.2694397978211498e+00, -4.5389871328679998e+00 ]
